0
2
3
4
5
6
7
8
9
10
11
12
13
17
18
19
20
21
25
27
29
30
31
32
35
39
40
43
44
45
46
47
48
50
51
54
57
59
60
61
62
63
64
65
66
67
68
69
72
73
74
75
76
77
78
79
80
81
83
84
85
86
87
88
90
91
92
93
94
96
97
98
99
100
101
102
103
104
105
107
108
109
111
113
115
116
117
118
119
120
122
123
124
125
126
127
128
129
130
131
132
133
134
136
139
140
141
142
143
144
146
147
148
149
150
151
152
153
154
156
157
158
159
160
161
162
164
166
167
168
169
170
171
172
173
174
178
179
180
181
182
183
184
185
186
187
188
189
190
191
192
193
194
195
196
197
198
199
200
201
202
204
205
206
208
209
210
211
212
213
214
215
216
217
218
219
221
223
224
225
226
227
228
230
231
232
233
234
235
236
237
239
240
241
242
243
244
246
247
248
250
251
252
254
255
256
257
258
259
260
261
262
264
265
266
267
269
271
272
273
274
275
276
277
279
280
281
282
283
285
286
